0.000000000000000000e+00
1.499999999999996475e-02
2.999999999999987399e-02
4.500000000000026201e-02
6.000000000000069167e-02
7.500000000000112133e-02
9.000000000000155098e-02
1.050000000000019806e-01
1.200000000000024103e-01
1.350000000000014522e-01
1.499999999999998002e-01
1.649999999999981481e-01
1.799999999999964961e-01
1.949999999999948441e-01
2.099999999999931921e-01
2.249999999999915401e-01
2.399999999999898881e-01
2.549999999999882361e-01
2.699999999999865841e-01
2.849999999999849321e-01
2.999999999999832800e-01
3.149999999999816280e-01
3.299999999999799760e-01
3.449999999999783240e-01
3.599999999999766720e-01
3.749999999999750200e-01
3.899999999999733680e-01
4.049999999999717160e-01
4.199999999999700639e-01
4.349999999999684119e-01
4.499999999999667599e-01
4.649999999999651079e-01
4.799999999999634559e-01
4.949999999999618039e-01
5.099999999999601519e-01
5.249999999999584999e-01
5.399999999999568479e-01
5.549999999999551958e-01
5.699999999999535438e-01
5.849999999999518918e-01
5.999999999999502398e-01
6.149999999999485878e-01
6.299999999999469358e-01
6.449999999999452838e-01
6.599999999999436318e-01
6.749999999999419797e-01
6.899999999999403277e-01
7.049999999999386757e-01
7.199999999999370237e-01
7.349999999999353717e-01
7.499999999999337197e-01
7.649999999999320677e-01
7.799999999999304157e-01
7.949999999999287636e-01
8.099999999999271116e-01
8.249999999999254596e-01
8.399999999999238076e-01
8.549999999999221556e-01
8.699999999999205036e-01
8.849999999999188516e-01
8.999999999999171996e-01
9.149999999999155476e-01
9.299999999999138955e-01
9.449999999999122435e-01
9.599999999999105915e-01
9.749999999999089395e-01
9.899999999999072875e-01
1.004999999999905747e+00
1.019999999999904094e+00
1.034999999999902442e+00
1.049999999999900790e+00
1.064999999999899138e+00
1.079999999999897486e+00
1.094999999999895834e+00
1.109999999999894182e+00
1.124999999999892530e+00
1.139999999999890878e+00
1.154999999999889226e+00
1.169999999999887574e+00
1.184999999999885922e+00
1.199999999999884270e+00
1.214999999999882618e+00
1.229999999999880966e+00
1.244999999999879314e+00
1.259999999999877662e+00
1.274999999999876010e+00
1.289999999999874358e+00
1.304999999999872706e+00
1.319999999999871054e+00
1.334999999999869402e+00
1.349999999999867750e+00
1.364999999999866098e+00
1.379999999999864446e+00
1.394999999999862794e+00
1.409999999999861142e+00
1.424999999999859490e+00
1.439999999999857838e+00
1.454999999999856186e+00
1.469999999999854534e+00
1.484999999999852882e+00
1.499999999999851230e+00
1.514999999999849578e+00
1.529999999999847926e+00
1.544999999999846274e+00
1.559999999999844622e+00
1.574999999999842970e+00
1.589999999999841318e+00
1.604999999999839666e+00
1.619999999999838014e+00
1.634999999999836362e+00
1.649999999999834710e+00
1.664999999999833058e+00
1.679999999999831406e+00
1.694999999999829754e+00
1.709999999999828102e+00
1.724999999999826450e+00
1.739999999999824798e+00
1.754999999999823146e+00
1.769999999999821494e+00
1.784999999999819842e+00
1.799999999999818190e+00
1.814999999999816538e+00
1.829999999999814886e+00
1.844999999999813234e+00
1.859999999999811582e+00
1.874999999999809930e+00
1.889999999999808278e+00
1.904999999999806626e+00
1.919999999999804974e+00
1.934999999999803322e+00
1.949999999999801670e+00
1.964999999999800018e+00
1.979999999999798366e+00
1.994999999999796714e+00
